0 0.729167 0.964063 0.743750 0.973437 0.758333 0.973437 0.770833 0.965625
0 0.666667 0.968750 0.666667 0.973437 0.700000 0.973437 0.697917 0.970313 0.697917 0.965625 0.695833 0.964063 0.668750 0.964063 0.668750 0.967187
0 0.593750 0.965625 0.604167 0.964063 0.608333 0.965625 0.616667 0.973437 0.650000 0.973437 0.647917 0.971875 0.650000 0.964063 0.595833 0.964063
0 0.445833 0.968750 0.450000 0.973437 0.547917 0.973437 0.550000 0.970313 0.572917 0.973437 0.579167 0.967187 0.587500 0.965625 0.454167 0.964063
0 0.275000 0.964063 0.293750 0.973437 0.333333 0.973437 0.331250 0.964063 0.327083 0.973437 0.314583 0.970313 0.316667 0.964063
0 0.406250 0.906250 0.408333 0.906250 0.412500 0.909375 0.412500 0.914062 0.431250 0.914062 0.431250 0.909375 0.433333 0.907813 0.433333 0.906250
0 0.739583 0.510938 0.735417 0.515625 0.737500 0.523438 0.729167 0.535937 0.731250 0.540625 0.743750 0.532813 0.745833 0.514062
0 0.458333 0.403125 0.464583 0.409375 0.477083 0.401562 0.491667 0.406250 0.500000 0.404687 0.485417 0.396875
0 0.556250 0.304688 0.585417 0.334375 0.620833 0.339062 0.645833 0.328125 0.622917 0.309375 0.597917 0.296875
0 0.670833 0.292187 0.668750 0.314063 0.689583 0.323437 0.693750 0.307812
