0 0.354167 0.471875 0.354167 0.514062 0.375000 0.539062 0.387500 0.542188 0.418750 0.523438 0.418750 0.500000 0.383333 0.485938 0.368750 0.471875
0 0.306250 0.721875 0.297917 0.743750 0.314583 0.765625 0.333333 0.790625 0.377083 0.785937 0.377083 0.748437 0.347917 0.742188 0.333333 0.725000
0 0.212500 0.565625 0.237500 0.578125 0.247917 0.560937 0.239583 0.539062 0.243750 0.523438 0.214583 0.528125
0 0.572917 0.635938 0.554167 0.634375 0.533333 0.646875 0.508333 0.650000 0.493750 0.634375 0.510417 0.607812 0.518750 0.592187 0.518750 0.570312 0.562500 0.526563 0.595833 0.540625 0.629167 0.560937 0.639583 0.576562 0.622917 0.596875 0.587500 0.600000
0 0.250000 0.479687 0.272917 0.498437 0.297917 0.518750 0.325000 0.523438 0.329167 0.504687 0.327083 0.470313 0.314583 0.456250 0.293750 0.451562
0 0.677083 0.635938 0.687500 0.651563 0.706250 0.653125 0.741667 0.657813 0.741667 0.679688 0.735417 0.642188 0.716667 0.632812
0 0.739583 0.379688 0.708333 0.400000 0.712500 0.423438 0.737500 0.446875 0.772917 0.448437 0.777083 0.500000 0.760417 0.532813 0.741667 0.507812 0.710417 0.498437 0.695833 0.526563 0.714583 0.545312 0.731250 0.554688 0.725000 0.575000 0.758333 0.590625 0.758333 0.609375 0.800000 0.400000 0.791667 0.434375 0.758333 0.421875 0.770833 0.389062
0 0.362500 0.295312 0.383333 0.314063 0.366667 0.340625 0.364583 0.364063 0.397917 0.398438 0.422917 0.415625 0.431250 0.445312 0.458333 0.470313 0.470833 0.484375 0.497917 0.476562 0.495833 0.445312 0.527083 0.417187 0.537500 0.401562 0.568750 0.384375 0.597917 0.378125 0.639583 0.373437 0.679167 0.359375 0.691667 0.346875 0.677083 0.321875 0.660417 0.335938 0.631250 0.342187 0.581250 0.296875 0.577083 0.254688 0.591667 0.220312 0.554167 0.215625 0.504167 0.215625 0.472917 0.221875 0.464583 0.265625 0.450000 0.292187 0.425000 0.284375
0 0.570833 0.751563 0.587500 0.743750 0.606250 0.739062 0.627083 0.753125 0.643750 0.775000 0.643750 0.801562 0.683333 0.796875 0.706250 0.776563 0.712500 0.753125 0.675000 0.743750 0.662500 0.728125 0.670833 0.707812 0.675000 0.692187 0.677083 0.673438 0.647917 0.682813 0.650000 0.707812 0.618750 0.706250 0.583333 0.726562
0 0.291667 0.831250 0.316667 0.845313 0.345833 0.853125 0.393750 0.862500 0.414583 0.870313 0.452083 0.870313 0.464583 0.854688 0.431250 0.837500 0.412500 0.821875 0.391667 0.820312 0.352083 0.818750 0.310417 0.804688 0.293750 0.795312
0 0.237500 0.337500 0.264583 0.332813 0.266667 0.309375 0.270833 0.290625 0.250000 0.290625 0.233333 0.304688 0.225000 0.317188
