0 0.587500 0.540625 0.587500 0.570312 0.595833 0.570312 0.608333 0.575000 0.620833 0.571875 0.633333 0.559375 0.625000 0.540625
0 0.397917 0.893750 0.395833 0.867188 0.418750 0.867188 0.418750 0.892188
0 0.556250 0.834375 0.560417 0.812500 0.585417 0.803125 0.585417 0.828125
0 0.547917 0.853125 0.572917 0.850000 0.577083 0.867188 0.552083 0.871875
0 0.616667 0.876563 0.616667 0.857812 0.641667 0.857812 0.639583 0.871875
0 0.450000 0.871875 0.441667 0.893750 0.464583 0.895312
0 0.233333 0.543750 0.250000 0.553125 0.268750 0.532813 0.237500 0.523438
0 0.270833 0.690625 0.291667 0.685937 0.287500 0.667188 0.266667 0.673438
0 0.377083 0.726562 0.395833 0.739062 0.416667 0.731250 0.416667 0.714063 0.393750 0.707812
0 0.679167 0.779687 0.668750 0.762500 0.687500 0.737500 0.710417 0.742188 0.706250 0.764062
0 0.685417 0.853125 0.670833 0.835938 0.689583 0.831250 0.708333 0.840625
0 0.735417 0.796875 0.708333 0.804688 0.685417 0.796875 0.708333 0.784375 0.737500 0.773438
