# logo relabel priority (regenerated for subtext relabel pass)
# A = 239 previously-labeled (need subtext added), then B = 34 previously-rejected
221233
221238
221243
221250
221257
221260
221265
221270
221279
221282
221289
221294
221299
221304
221309
221318
221327
221334
221339
221350
221356
221359
221364
221373
221376
221380
221388
221392
221395
221402
221405
221409
221416
221421
221426
221429
221436
221439
221444
221451
221460
221467
221472
221477
221482
221487
221492
221497
221504
221508
221513
221525
221535
221543
221546
221552
221556
221561
221571
221578
221584
221589
221595
221602
221607
221612
221619
221622
221626
221636
221644
221647
221654
221660
221669
221672
221680
221683
221690
221694
221702
221705
221708
221713
221718
221723
221728
221733
221740
221743
221748
221752
221760
221763
221770
221773
221778
221783
221788
221793
221798
221803
221808
221813
221818
221823
221833
221844
221845
221850
221855
221860
221865
221872
221881
221886
221891
221897
221902
221912
221920
221925
221933
221938
221941
221946
221951
221956
221963
221966
221971
221986
221989
221995
222000
222007
222010
222016
222026
222029
222034
222039
222044
222049
222054
222063
222066
222069
222074
222082
222087
222092
222097
222107
222114
222117
222120
222127
222130
222137
222140
222152
222170
222187
222194
222200
222205
222210
222217
222221
222229
222234
222242
222246
222253
222261
222266
222271
222281
222286
222296
222306
222311
222316
222321
222326
222331
222338
222344
222355
222358
222364
222373
222378
222383
222391
222398
222407
222446
222449
222452
222468
222479
222495
222505
222511
222536
222558
222563
222573
222588
222612
222615
222627
222642
222647
222654
222662
222667
222670
222684
222691
222709
222714
222721
222728
222733
222740
222755
222769
222779
222784
222789
222801
222808
222816
222840
222850
223501
# --- previously-rejected below ---
222157
222181
222226
222256
222276
222291
222442
222459
222473
222482
222485
222513
222518
222523
222531
222547
222553
222593
222601
222605
222620
222632
222639
222657
222678
222694
222699
222704
222747
222752
222764
222774
222833
222845
