# predict_cls.py --task cleandone: 3298 images ranked by P(dirty) desc
211627
215634
211928
208484
216130
208767
208446
209514
209855
208327
211910
211345
209825
209039
208411
209414
209870
212555
210494
209468
212484
209840
210623
210273
211541
211443
209401
211779
209569
211473
208587
209247
208529
211185
209574
215743
208592
214506
209349
211190
211511
209073
209830
211027
209780
211238
210829
210716
209394
212183
210474
215925
210632
211020
212317
213972
209001
208512
212493
213830
212003
214467
209810
212578
209798
211996
208317
210587
215399
211332
216180
209906
211015
215644
208597
211215
209880
212436
212141
211971
214489
208304
208856
215609
212558
209865
211739
211282
208772
208404
211311
214903
209564
209293
210847
210464
215688
215952
215804
211399
214574
214908
211521
209316
212952
210141
214406
214381
215595
212444
210079
215626
208841
214663
215033
208215
209197
208343
210233
212243
214074
210567
208938
215614
210351
208430
215137
212342
210459
211120
211556
212533
216452
215811
210962
209835
212590
211320
224689
215678
210136
215162
215605
209626
214107
210084
210263
210599
210258
208492
215977
210592
211458
211365
211561
215907
209272
208981
210449
207696
210178
215589
213918
212111
215422
210581
211135
223277
210452
212332
210107
211453
213605
210421
209065
210381
210332
213825
223040
210820
211205
228360
208988
216381
224662
208039
224644
223401
225057
208797
210104
230446
213719
210952
210049
215268
224708
213570
208296
208236
223297
208240
207741
228370
207499
207776
223418
229531
224713
231594
210059
231208
226694
228763
223077
229521
228825
224797
226503
217034
225769
225740
222173
210327
225176
223408
211571
230829
208210
229714
229577
229761
229556
208034
212805
223109
226638
230923
208961
227554
224935
224945
229678
225021
225744
226754
223947
230839
215736
223206
229829
228795
211225
230765
219691
224923
208222
228917
230626
227280
230654
229739
227707
228400
216855
227504
228815
207526
228460
223282
228820
227532
222238
228405
225784
230874
224774
228535
224752
231472
229015
230539
228355
230609
207602
231251
231269
224981
219074
215328
211832
228395
223256
215527
224822
229605
228380
224789
230669
213415
227559
218795
230604
230559
211706
229839
230770
213382
223396
230509
224761
230041
229077
229002
215353
229581
230948
230037
207772
225002
230589
230730
230029
216835
229149
215278
226687
225040
230564
231801
230928
230192
231356
212036
218619
231636
215078
223391
231812
228695
230006
226663
224769
225109
230824
215967
231053
228947
225071
210002
230581
215348
228415
225926
211759
229613
228790
223196
230072
224884
230104
226242
231642
228810
219123
211649
220732
228894
220126
219804
216892
230674
231545
208029
230834
207494
216427
207549
207825
230879
226425
223876
228703
225789
230705
228992
231794
215825
212327
226262
212337
229666
208142
229981
230024
225091
224930
217287
230206
223443
225186
229213
207607
227052
224870
226658
231886
214454
228720
225361
230521
231684
224877
225222
225329
209678
210656
230033
231820
214943
229156
215070
226674
225227
231048
228955
228566
209893
216548
219230
231583
228753
226844
220242
230219
230968
220117
210131
220111
231606
230745
228879
216570
217112
231666
230199
211764
207969
207489
218989
212636
226759
230844
228638
216905
227166
212669
227620
210125
213714
209164
226744
231454
232089
211435
229166
226764
219932
216328
231788
225076
230973
209549
225146
230867
210529
207935
213440
230224
230343
224940
220710
227081
207530
212729
231371
218443
225552
220104
232006
224903
215751
228980
224257
214956
230327
211170
228194
220062
230180
222162
208637
225897
231068
207857
218865
230396
219359
209559
231600
231648
207756
225878
231782
220121
223907
215151
212151
210744
217170
207975
215935
227687
227129
219087
225237
219512
232143
222384
212872
213425
212770
225136
217148
226003
231935
228875
226369
211769
210884
229995
218890
232129
225156
209982
232106
210093
230914
231960
212877
213378
220285
209979
222532
217123
217039
220951
230420
232097
217044
218401
207925
210439
213963
220143
225557
232122
231058
211130
217352
210914
218423
221681
210927
219118
226799
230851
215882
212995
216422
215315
209995
208536
225943
223630
212017
227301
212433
208519
230082
207920
210293
221633
230229
227316
232159
210156
208732
222765
229144
215814
222710
231223
207789
213278
213273
230953
229285
216047
210636
219520
210661
227144
226769
229022
227683
218383
214782
215784
227265
215333
220089
213031
228422
212068
219752
225289
230933
209942
227305
218920
209529
230332
225230
223438
217187
217158
231521
207636
224861
226579
231589
216437
231422
207835
222729
231480
225512
212800
228336
216268
223888
227182
225586
230257
209539
230240
213640
211265
226073
224033
220449
226774
214860
231860
208118
225671
227285
230435
207656
227433
212021
216552
215820
224721
225336
230903
207890
208725
231998
230988
229270
225869
210987
220765
213942
224430
210434
220995
225342
210730
230353
230424
231102
213399
215769
226854
209212
213670
215132
208757
230978
214913
212892
209890
231824
225381
209361
218466
219166
209783
225171
226894
214959
220805
219847
225568
214468
230086
213749
232065
222267
224341
225249
209504
221809
231625
219837
226739
220770
220518
211230
214584
207955
223413
212545
220848
221328
209019
214022
231898
221907
208642
211348
213709
229499
216432
215992
223249
212475
209665
210771
213744
230262
222616
209957
211110
218778
215514
225274
218586
229986
226597
213493
232073
214599
224647
209122
219275
210164
213734
214458
219778
231978
220522
216376
225818
210012
209544
225517
224595
216467
214603
231144
213430
213699
215360
220099
210519
225181
225242
225376
227177
229587
224865
215874
208371
216560
229129
215997
227106
213739
225086
231947
219807
214069
221764
218692
221055
222785
209639
210937
217217
221996
214444
218875
208654
208809
225916
226916
231555
225394
225470
213967
225372
209992
213135
211703
215407
207883
219255
229324
213754
216219
209850
231925
218895
230358
225679
226962
214428
211297
225006
217182
214057
213724
231629
224547
224557
209534
220780
226364
213622
225985
210911
208577
213779
222947
214002
222756
231164
209445
217728
222741
231874
207912
213525
228424
222990
207629
222809
209596
227006
228905
220809
229814
224764
216946
212626
221147
224749
226931
217133
221239
212258
224997
223942
223305
224918
225963
220459
225794
225480
229654
218376
213337
224401
214792
232111
212075
213403
226618
211498
231661
210413
217001
225317
214007
230958
213992
209621
222307
214396
216457
215061
214571
209718
214687
221150
228450
226341
225547
213997
211055
209281
215556
210366
212051
208859
228845
214376
215641
211080
210924
228995
213468
210183
210499
222797
226324
213947
213957
215538
211065
215533
216442
221824
214682
214148
221283
213216
210541
213665
222569
219888
225301
207862
212585
231137
211140
211272
211212
209768
224440
221069
207867
221478
219390
224726
213977
209724
209098
210022
214564
225902
220824
224657
214643
212240
226121
207539
224319
231618
210612
231577
223163
220278
230348
218934
225310
221957
221258
216155
221834
229919
214729
208562
213473
215659
228222
213645
207793
226483
221335
229700
220785
229541
208814
225522
225081
222055
213081
214047
224358
229030
212263
207811
207592
216017
223704
229103
224299
214037
223178
210793
210562
214157
208747
208557
209208
214096
230429
221934
223153
216331
224262
224056
212785
209189
214079
211966
210046
214653
223479
208457
221251
207582
224238
231154
222262
226583
221319
214122
224227
222272
212178
210480
225280
224652
216283
207567
221440
218371
207622
222017
209216
213937
213610
213100
226212
220398
208789
210854
213318
215583
214017
213913
224742
219786
209011
211004
216091
232199
214531
224184
226267
209286
213874
210934
223350
211393
214042
211664
208322
209045
231412
216744
214928
216177
211593
213231
224334
216227
211085
232183
208849
214594
209056
211335
225488
210741
211603
227013
208878
214853
231954
227061
210789
207801
227729
216366
208248
223148
224376
222876
225892
213298
213349
208743
210151
213512
230784
230638
224065
207671
215167
231434
215865
211827
212419
209221
223094
225492
209053
214777
211943
213562
210862
210825
211506
212116
210253
221244
210524
212568
223226
207682
218349
216989
208946
224269
210957
212146
211607
207612
232151
225764
229904
216095
212011
213839
214162
216236
232137
214401
212606
209022
210337
213107
211889
214526
214239
224738
225841
211956
231848
226222
211852
215530
215601
223157
222537
207675
231458
208627
218130
211568
210121
226671
208273
217969
224119
231132
225269
207514
227128
223487
231344
210815
223300
223482
215704
229101
211008
211047
219725
216080
225955
208885
213804
224363
211429
214493
226000
213689
227075
228390
215667
214834
209306
214697
224250
230594
222287
211636
212208
212399
216167
217138
209106
211465
222935
212722
209049
208334
231418
217815
230781
218426
211900
218030
212248
208682
222064
213889
209478
213819
231191
208507
226015
212917
226379
209226
210892
214252
213530
207701
211694
216341
223433
208064
212674
222881
214658
215014
209083
212595
219038
217561
227717
222374
214156
215172
216980
216694
216985
216070
209034
207666
216481
217437
214141
229209
211414
214900
225661
211734
214819
209519
209424
211314
216962
215451
213704
209091
230809
209153
227756
214822
216714
231339
211669
231527
221590
214938
220454
217282
216478
212273
217506
208930
227270
208657
217068
208692
231442
210504
207647
231092
217764
213178
230684
209102
212713
211105
212364
230983
229941
230805
212188
214589
208782
213809
208245
208873
214117
212193
219066
209173
207877
223425
211380
209759
222322
208888
214707
231464
212081
212575
217212
212992
222431
215729
217858
215283
209987
211535
226393
226472
226277
210238
220720
214052
212553
209185
216541
223638
210721
211659
214274
218021
223620
208157
216075
208864
215019
217262
208416
222942
231690
209159
210371
209146
215939
208392
210173
217637
223347
207870
214692
229035
211095
212505
208475
211325
210210
217026
209250
208802
212213
210877
208722
211357
214625
212664
230597
208998
216150
212792
208737
209404
221603
219928
209113
212689
207633
208697
216386
210039
217050
215114
222040
217926
209609
211807
215962
219885
211478
216627
231396
213635
213985
215799
221229
208919
230859
214969
210947
223146
207470
213006
207557
208314
215223
212031
218568
231726
231383
208993
207731
217685
208347
210641
212739
207985
212973
213849
220351
211809
210706
211963
218435
209007
210869
218110
209495
211553
217670
212464
226319
215495
214132
210859
232034
216972
223492
214313
209078
217537
211646
222923
209231
208162
215915
225642
214920
229045
208441
215448
209793
217467
208452
209193
217678
209254
221357
215712
208834
208258
211822
213585
223985
222365
218272
213057
210557
220157
216506
210163
211518
213613
216371
225579
208532
218188
216516
207816
210248
207736
208372
226455
210693
216115
217442
208966
208069
220342
209473
231515
210223
214091
209167
212944
214988
209276
208497
231406
217004
208377
214732
224090
215541
212616
209409
222414
227078
231363
211372
212699
209381
207728
209160
209125
224479
219498
215001
218813
215036
217769
207821
214112
213018
209364
227728
208002
207849
224474
208819
215481
225635
223881
208502
227139
211235
213814
208180
222450
210977
213869
208150
228633
214551
210444
231672
213192
211587
220205
213293
224496
217706
207781
208173
232027
211584
221866
209339
215673
215273
221637
217292
215199
215496
217472
209134
229675
219625
207751
216251
208263
213769
208908
217497
220896
209753
210651
222460
210607
222115
229834
227463
216536
223013
215217
227999
217096
215212
212355
213163
223008
231564
226477
211905
208079
208542
215394
215323
214477
218065
216647
217332
226594
215194
214511
208352
221271
230715
210406
209604
209355
212298
209269
211389
208905
226751
217694
216351
208572
218277
210837
211784
215629
216798
221101
216701
211255
225973
208460
212694
213774
216027
215343
221851
210116
215073
213086
211409
219980
225994
217738
229683
216412
215368
210618
217920
231654
229879
217843
221134
209554
217232
221990
222218
227470
226232
216594
227426
207693
215717
210029
208283
207838
219610
221168
213392
213450
214217
215320
229250
226950
212228
211681
217300
209954
212449
222083
214102
218167
229081
208382
228830
217009
220186
210887
214747
210469
221670
209490
221661
208624
217532
210810
221774
212026
216683
217701
216994
228542
227791
213128
217552
209579
231073
208091
208086
224491
217716
207704
217573
210203
215464
223512
207845
214677
210711
223770
211837
221673
229711
209927
218238
208674
218575
231714
210778
222658
211915
232209
212223
217075
230789
217682
209438
211721
210054
222802
211842
213759
222514
208421
213259
217267
223655
211125
222141
226090
230466
209889
209370
212633
223099
222356
215879
209909
215007
223026
207661
218364
215458
215129
211546
223231
209820
220589
222088
217661
229817
228853
212604
222206
207980
215245
207766
225589
210761
209919
215058
226926
213265
217741
221921
219191
209686
210917
223715
212056
228645
208012
207552
214308
220688
208337
207952
228321
210089
214363
222339
219587
215766
213923
210678
227876
211576
218496
214797
222443
207808
221814
228475
208717
207900
221473
225829
231097
210942
229230
214831
228723
222928
230889
210391
221157
226719
215102
218181
208913
221887
226605
208362
229010
212061
209177
207644
216417
224433
218410
211684
216044
212965
207915
223211
212825
208202
230630
209632
226714
210602
214284
212288
217060
219669
219591
212882
211986
228670
215476
227327
217312
214893
218076
209704
218127
222851
215432
212780
221967
229107
215157
211102
222775
216885
215486
214979
229516
213480
216689
228271
208024
207713
209649
219650
207930
212530
216577
217628
228900
216004
210017
216720
211674
228039
209431
230619
209240
210696
226523
220439
214349
225624
212163
217835
216472
224353
210218
215722
207947
210484
213455
211175
215083
210798
209138
217724
226310
213864
209524
210303
220599
210401
227638
211180
229065
212659
211629
230725
214207
217128
226334
208168
215122
212646
213559
211062
210342
209614
209112
228455
214630
207796
210516
209334
207905
210984
216652
213051
224331
220906
214991
212810
209503
218250
228447
219220
214554
208230
211983
211165
207571
212654
210148
223522
208205
226398
210288
230549
216823
225913
210309
227031
228480
212130
210213
221365
210034
221734
223216
221196
221423
222098
225779
215417
221987
210546
232049
216764
212173
207572
223193
215248
213026
220652
209511
218547
210429
213187
217744
212093
211360
209029
223033
221695
222027
226203
222299
214966
215505
221430
208197
218206
219058
210322
222121
220195
212268
229055
215154
220606
220655
209967
213577
211488
229571
222128
218913
211817
212253
210572
209591
223601
207589
215548
211245
209673
219186
215051
208059
221789
222191
210268
222332
214305
222345
213535
209421
210785
208677
222692
223064
213884
213483
211155
216820
212086
220707
208019
212131
230499
217868
216067
219098
211421
227028
212719
216120
212907
207970
213590
230894
211789
221596
217392
226094
218144
229243
212643
212071
209693
214084
227522
215189
213310
222474
217272
208844
219171
213625
216007
207474
227172
224846
210844
221706
222070
213505
214878
222976
215774
226530
216233
216957
221724
211001
214184
215649
216942
222982
230614
224312
217452
207761
214440
222972
208584
223760
216401
211340
229117
208632
229774
221719
217917
226043
220430
230681
211724
227630
228470
207852
226677
215930
208547
213095
219048
208042
208689
214390
208951
215142
210378
211869
228497
221146
211503
226729
208074
215707
213600
229598
217818
221804
207718
229106
218081
228760
219840
227655
212512
215107
217100
208702
223074
212168
222554
213234
220637
213515
216145
229809
226314
208054
216895
211145
210314
213789
215442
213879
211252
227969
218952
211654
221403
215377
222235
215412
216239
216807
212096
223236
222153
226167
226734
215096
230918
209939
220678
226540
208124
218738
221608
211729
222201
210241
228593
221585
211115
231680
231127
211754
214518
223710
215233
226494
228487
208552
216185
218972
211802
216754
214418
217657
227989
214471
208824
213630
211619
228710
207895
210356
226418
221261
212198
228522
216531
215088
214846
218095
209453
210007
220696
218135
217019
212283
215298
210670
210396
217779
219161
208465
208898
221162
211744
217477
214032
217297
215848
219987
215890
222483
222866
227233
218407
208309
226035
222158
212347
212481
214318
220471
225026
209668
232057
218231
215461
223537
222292
210099
211991
212520
211714
214863
227088
221106
226217
213113
222195
227453
216491
230943
231217
226028
223221
214712
219347
226779
217803
207961
213118
213168
212686
212006
209713
231003
226177
227003
212490
210228
221794
217544
222872
212760
212750
207542
221445
215093
207723
210069
212310
217412
215258
209744
228910
208472
221096
225824
212322
221856
208005
216937
227113
220683
210388
226152
215668
208617
211050
220868
214356
215855
222648
222183
211776
219493
226384
217953
219447
214199
222254
226434
228291
220838
222985
213565
215759
210805
230963
210189
222700
214994
213255
216817
228377
219374
222312
210318
216669
231196
228435
213285
213684
226487
228517
226172
216919
222668
221175
231535
225664
225958
208941
213903
215206
208662
212832
210064
221964
217790
211160
223268
210074
229566
218120
220691
215561
225754
226906
212233
214065
211526
216022
217014
217618
214735
214289
225821
230720
209654
215754
208399
208958
221526
216100
215568
219132
230819
212350
230794
216346
214012
217774
221754
208299
216140
226982
209788
222841
225834
227950
214933
207990
213153
223720
207995
211895
211468
218213
215389
213952
217903
211874
215748
213694
216511
219137
225774
223551
209698
216830
222818
230735
210416
213652
212374
217586
222011
230648
208754
210902
213855
216776
216303
225594
222966
217494
212047
208049
226722
217613
231038
210993
209947
230799
216037
222655
227595
218438
225503
217651
213580
211302
217227
221691
231023
218833
212837
230514
211639
218578
210972
228510
223591
229734
218886
210283
227920
222506
222211
217457
215586
212912
211150
209130
213332
211493
217808
217222
215789
226162
221613
208225
213679
217965
226699
214507
209741
213367
219055
226376
228087
230534
211933
226086
216085
217417
223372
229025
212404
218310
228608
216298
212472
211260
210703
221744
221226
213729
231929
212842
211689
210361
228367
213043
218488
215024
221926
225629
216391
221741
213110
228857
221266
226655
228583
211800
212394
226600
212847
212621
211036
230814
214807
222524
212303
211749
221461
218007
215840
220558
220039
223319
211222
230908
217367
217993
224623
213145
216204
221799
211847
217721
214167
219759
214264
225759
226408
208431
218255
218688
230569
231428
227290
222621
216521
229185
220919
212041
217838
208147
210193
209860
212862
221498
228217
217623
219113
217257
213204
212498
214340
216293
208135
231746
214222
225685
216769
215910
222399
221209
226439
217347
221645
208893
211886
212716
213550
229805
209584
209373
226568
217676
208194
219079
218474
219948
211040
212106
212121
218508
212970
211075
225532
225968
217830
230854
212815
211277
222108
226058
212683
211974
223054
217990
211090
210897
220254
221381
208112
225599
209301
211292
210298
209448
222419
228024
208608
228331
230691
217511
226784
219181
225254
213520
214757
223114
227441
208522
218720
217688
215471
227201
209773
214027
217863
219834
214546
212415
228574
213898
208255
223448
221761
226023
227843
231830
216449
217977
213410
222257
209599
227692
212978
232021
210766
217387
216731
211936
215238
208971
216672
229220
208357
228281
213158
220510
220620
230074
221124
214181
226429
216969
212759
217277
209388
209734
209346
223331
215942
220749
210686
212369
225616
221031
225705
215292
212416
216870
213342
215510
216790
221620
214236
229092
217795
211487
222277
230175
215947
222188
223820
222493
217402
211195
219210
213676
207484
214229
216900
210673
217581
216256
207685
217711
209683
217646
222748
213357
212867
208614
209313
211200
219198
216850
226147
227864
231239
223188
222559
216242
232041
218450
228170
214762
216110
217991
214974
218334
217853
223797
211921
226559
222901
222594
231324
208651
221729
210582
212136
220739
222640
223826
226107
220379
217322
216875
223740
207619
230554
209629
207940
216795
208438
217517
226575
231844
217893
218819
219781
215685
215794
210683
221396
214372
211287
227801
221090
226511
209321
227900
219960
230699
220531
222753
221703
214299
213072
225950
226018
225923
226506
222317
222447
219154
226452
207692
218854
220500
214843
212947
219515
231764
215885
216214
232081
214622
227697
215619
217377
231177
227821
222705
212218
230762
221684
211709
222075
228886
213121
227211
221047
215044
214670
217596
231941
230273
214648
211446
215255
219527
228570
211862
210646
221536
229724
216845
227311
211404
211600
209463
221873
219007
221187
228525
225884
231776
214413
229849
228387
212384
207519
208105
226648
207575
219310
220288
223583
221050
216728
212736
213098
219245
217177
223175
218462
220577
231079
216310
208132
218245
214195
212820
217202
217342
217339
208270
231987
223357
226613
207481
216932
215835
209391
211375
219386
227551
220958
230884
216398
222379
211951
214888
219268
213908
212203
223324
223544
218326
219320
211536
223340
226055
215305
217445
212852
220640
231082
216209
231201
213895
209962
213171
215039
230287
221819
218002
228715
231450
216749
209805
211070
228311
217088
215427
209756
231182
231028
209815
214667
212424
215895
220492
209972
212280
213784
217192
226237
217547
226824
230750
223271
217491
216706
220481
209875
226257
231760
229536
225542
213498
212461
213015
222961
226299
207746
225613
222548
230170
216323
220505
216105
219407
221544
229005
219830
217761
221427
221410
217107
223608
229508
230775
217823
229593
217640
225604
227275
216243
227604
229070
229134
220485
215830
216600
220552
209644
210200
207599
223576
223069
219365
221389
216286
226063
231502
210278
215551
216615
212389
213268
215402
212563
222613
217244
217382
221437
216261
208714
214521
213844
211857
208604
215576
214923
226227
215230
214243
211946
219389
216196
209845
231297
223106
218105
231917
221749
226527
208183
214127
215437
208762
208487
213595
220495
221021
222422
217092
208567
225715
213445
226462
231806
221913
217055
227118
222297
231330
221714
208288
212293
220234
215117
213420
220563
209296
229771
207464
221779
231966
229663
215902
210872
221199
231710
208389
229789
214172
220535
209709
227041
218265
212439
208978
212544
208667
231696
219451
218976
223975
220936
216880
219720
228410
229955
208707
225099
231770
217878
227890
208777
213241
223689
219336
208927
208792
214323
216759
222247
217749
207504
219010
220582
231720
217599
216356
219305
223955
215380
229749
214752
222001
215845
213859
210509
217327
227100
215519
217174
223141
213076
216605
211610
212523
223384
208278
213067
213244
217207
222138
223596
227163
222671
217604
211878
208829
209932
214269
218282
219711
230053
212379
223571
226008
212101
221553
226329
214334
223470
225724
213201
217163
212887
209483
209070
209914
216361
221771
207509
231490
211614
230252
216787
215654
230524
222953
220961
213209
219024
222480
222496
221942
211424
221026
226491
229638
230278
222353
229085
219333
231234
223792
223003
221204
231087
222958
221892
214329
222408
231306
216624
222030
231230
225645
223650
224839
223129
229650
219717
231117
231211
221903
228620
# carried over from prior priority list
220260
220265
217432
217397
217143
220276
220332
217407
220237
217427
217422
220220
220215
219798
217462
217237
217084
216610
217197
220169
220044
217247
216914
217153
216597
220094
217115
220054
217898
217362
216585
219749
219225
220164
220227
217252
217307
217072
220176
219686
217317
219854
219921
219819
219215
217029
220027
218856
216528
216810
218090
218841
216865
219791
219481
216952
220009
219696
219940
219201
218900
219029
218785
216734
219467
216630
216860
220077
218157
217527
218949
219471
216580
218870
217372
219681
217523
216739
218968
219421
219434
219438
216635
219732
219898
218905
218926
219547
218910
218056
218763
219622
218176
219552
217883
218102
218959
218860
218663
218931
217948
218115
218164
218845
218729
218503
218173
217908
218634
216565
218048
216840
219742
218658
217589
219615
218262
218292
218528
218317
219004
218297
218653
219432
218015
218830
217756
219576
218769
219674
218523
219176
219562
219537
216642
217691
219410
217798
218676
219400
217786
218344
217888
218681
218356
216665
217848
219142
218288
218331
218880
218386
218814
217578
219395
218455
216496
216501
218041
219533
219542
217564
218594
218479
217668
218085
218339
212937
213463
213224
218756
214559
218624
218201
224080
213329
216313
214616
217486
212795
213288
212857
215180
214425
213148
213308
216462
213249
214772
216170
214638
216271
222695
214609
216486
216052
215293
213540
213982
221085
212933
216318
215987
212922
214359
216160
213932
216135
212767
223502
214633
221214
214579
220819
214281
214343
212897
212777
216276
216032
213046
221060
214294
216125
223453
221016
216012
221131
212704
220775
215188
215215
221579
214717
214702
220665
214742
221360
214873
213801
222437
224050
221037
215957
222715
214722
220611
216201
222628
221012
221008
220645
214883
220725
213138
214541
213834
213660
223658
221468
222171
220544
220628
216336
224536
215972
223844
220884
220860
223463
224094
220814
222359
224447
222453
223980
214804
224216
224152
221041
215980
222633
222131
213389
223310
222392
214191
222008
215363
220623
222227
215340
223921
215004
221898
221340
212744
224096
223839
220912
218222
221351
215920
213655
212957
221709
215308
220988
224072
222722
224392
223291
214496
221493
216057
223663
222734
223748
220946
222045
224142
221417
213764
221374
212927
223807
213038
213322
213545
222118
214812
224324
221848
222589
214450
223566
223753
224101
222050
215860
223862
223246
214869
220978
212902
223286
213794
221452
215779
223645
224105
213021
223241
224404
224591
221784
222067
220966
223916
223364
223181
215264
213435
221000
223382
222222
215698
213352
223727
222230
224165
220570
223265
224233
214949
214767
224529
222486
222035
214259
221939
222327
221514
221562
223166
224421
221972
219285
219330
219456
222858
225414
219630
219659
219664
219701
225404
219640
219635
219764
220061
220067
220084
220312
220744
220034
220760
220072
220049
221509
220384
219706
221310
220305
220853
220317
221234
220148
220863
225450
220799
229257
219424
225438
225443
217931
225455
225458
218715
218010
218746
218741
217873
218751
221655
218733
229551
221182
229946
218629
223561
220356
218698
221076
220247
219864
221847
220337
218703
221119
223126
218604
221648
219955
221572
220594
220926
221305
221547
219505
221567
230363
220931
221483
231379
225509
218493
220916
219882
220322
223497
219984
220200
221952
231612
221882
219260
219149
220667
219992
220901
220526
220444
221557
218802
221488
223517
226413
220466
231063
225264
219869
221300
230479
226466
225193
220973
218151
224817
230494
220715
230504
220133
219935
219908
219895
220881
225475
230546
221290
221393
220363
226128
229864
222519
231122
217998
223617
224628
219769
218670
218513
228940
229924
218564
226038
230314
230338
223086
219300
220022
219913
230120
218196
218140
219812
220369
230297
230216
226157
220843
218614
231033
229779
224286
230368
225399
218518
222685
224201
232175
219315
217985
223849
230028
225809
219606
219091
231147
218051
222790
219295
229277
218392
225324
224459
224677
226819
219903
218599
228925
220017
230056
220181
229869
220792
230489
219596
219874
223369
220889
220327
231400
225710
218025
228700
220941
226834
229178
218359
219557
219972
226864
229704
224469
219601
230128
223507
222780
229936
220549
226138
228560
218416
229546
222564
225799
219737
219964
229794
223134
220012
222606
220395
222643
231167
230189
231157
219646
226623
229561
225910
218071
224852
223119
225386
231318
224501
226290
221295
230993
227058
228553
219476
222093
229608
218533
219860
224274
218645
222770
217936
230282
221861
219488
224077
228975
229124
218648
218708
219967
229719
221947
226078
218552
221219
226519
229824
226851
224579
225018
230234
225931
222846
226354
226198
220138
230456
219015
231174
225846
230248
220269
220672
219103
219997
217943
222834
219108
219581
230755
220376
225674
224807
220002
227147
219290
228578
223556
219570
229908
231018
219069
221111
225465
230584
229746
218557
228931
231107
230267
230307
230317
230320
228768
229193
226861
226884
226789
226804
226841
226899
225873
226643
231732
228306
228469
228112
227956
227925
228072
223893
229060
228009
228062
228318
227895
225690
227979
224584
223871
228286
227196
223937
227826
230099
228326
223995
228232
228615
227856
230574
228107
224968
226193
227811
225203
223804
231742
227882
230659
224832
228014
225141
228251
223900
230410
228673
228648
225294
228148
229900
228922
229964
225537
230449
226285
226068
225033
228246
227910
230666
230078
230061
227026
228970
224368
228155
223932
224908
224122
224780
225210
226048
229754
225366
230469
225854
229618
224889
224604
224129
229040
224674
227152
228296
225562
225259
224506
228067
225066
224187
228049
224196
229267
224516
225052
224136
224069
225804
229159
225011
227959
224599
224386
228530
224802
224309
227846
229971
224204
229635
227250
224454
229623
230302
224550
229526
227930
229888
227741
224975
223961
230459
225166
225102
224667
231013
225119
224159
224609
228034
228054
230474
226403
230486
229139
231702
230292
225124
226814
229643
226537
227986
225198
231495
225131
225861
229511
223767
228442
229188
225749
224028
227332
224913
223783
229976
229799
224526
223958
224464
223834
229929
230938
229859
224572
224963
229693
230134
228097
229951
230998
231974
225619
231570
227781
230869
224162
228687
231351
224898
229854
229844
225045
231558
230398
230712
223990
224565
228102
225729
228950
223966
226941
230016
229280
230404
231752
224511
228889
228630
228029
227942
229998
231509
227573
231878
226794
230092
228077
227776
223743
227766
229878
231539
227613
230046
224145
231387
224346
223855
231008
225936
231486
224812
226304
226831
228276
230209
228261
224953
228989
223778
227579
230113
230651
227806
225849
226448
230001
228004
232167
231894
231043
232191
226272
229688
231314
228840
230634
231246
223815
223788
231112
225659
227342
228653
225114
226879
229729
229765
226682
227584
231838
230529
224988
229893
224116
229628
231856
230152
223972
232011
224038
226985
228658
228690
228937
228965
229260
228737
228627
228746
226971
228545
228775
229170
229196
229173
228590
228605
227093
228179
227103
227036
227218
224569
226911
227851
227649
228212
227191
228805
227476
227633
228352
228140
227601
227237
227169
227587
228204
228165
228136
227240
228092
227456
227665
227831
228184
227223
228160
228730
225354
223829
224685
224692
224704
225003
224633
225409
224697
224616
225719
225428
228860
228959
224716
228238
225420
225574
227136
225423
225734
227886
224230
228740
226359
227994
224411
226996
224170
227339
227816
224788
227563
228834
229205
224278
227675
225151
228799
227436
225698
228427
227933
228867
228227
227245
228126
227527
228266
227879
226098
227255
228347
227606
227070
226102
228189
226182
227347
225433
227260
227736
226247
229233
228019
227672
227976
227722
227321
228778
227905
228785
227771
227507
228116
227751
226992
227945
227645
226704
227712
228665
228505
226628
227519
228256
228599
226252
227964
226874
228490
227537
228201
226344
224044
226869
225978
224415
227861
225161
228207
226707
227016
228080
225349
225649
227450
229237
226958
227796
225217
227512
227786
227834
224829
226975
228500
227228
226114
227623
225864
227915
227761
224380
226889
226349
227542
225989
226947
228301
226921
226633
228044
900000001
900000002
900000003
229295
229300
229310
229315
229320
229335
229340
229352
229357
229382
229387
