# Auto-seeded: images already decided in chunk mode (your existing blendedness pass).
# These are served FIRST in unmixed mode so you re-label work you have already reviewed.
221243
221250
221260
221265
221270
221282
221294
221304
221334
221339
221388
221392
221421
221439
221482
221492
221504
221508
221525
221566
221571
221578
221595
221619
221654
221680
221683
221708
221752
221773
221793
221813
221860
221865
221902
221920
221941
221946
222026
222034
222039
222069
222087
222120
222157
222200
222210
222221
222226
222229
222276
222281
222306
222311
222316
222331
222338
222352
222355
222358
222373
222383
222391
222418
222421
222429
222442
222495
222511
222547
222558
222615
222632
222639
222654
222667
222691
222709
222721
222747
222752
222755
222764
222769
222774
222808
222880
222900
222941
222952
222989
223032
223039
223063
223073
223093
223108
223118
223172
223205
223240
223270
223290
223296
223318
223346
223356
223363
223368
223371
223395
223407
223412
223491
223496
223506
223511
223543
223555
223560
223565
223590
223600
223726
223742
223769
223777
223791
223803
223806
223814
223833
223861
223866
223936
223941
223954
223965
223971
223974
223979
223984
223989
223994
224027
224032
224037
224049
224055
224064
224068
224071
224076
224079
224087
224093
224100
224104
224115
224118
224121
224183
224186
224195
224215
224268
224292
224298
224308
224330
224345
224352
224357
224362
224367
224375
224391
224403
224429
224439
224473
224478
224525
224528
224546
224559
224568
224571
224622
224627
224646
224651
224666
224683
224688
224691
224696
224703
224707
224712
224720
224725
224732
224737
224741
224748
224751
224760
224763
224768
224773
224779
224787
224796
224801
224806
224811
224816
224821
224828
224831
224838
224841
224845
224851
224860
224864
224869
224876
224883
224888
224897
224902
224907
224912
224917
224922
224929
224934
224939
224944
224952
224962
224967
224974
224980
224987
224996
225001
225005
225010
225017
225020
225025
225032
225037
225039
225044
225051
225056
225065
225070
225075
225080
225085
225090
225098
225101
225108
225113
225118
225123
225130
225135
225140
225145
225150
225155
225160
225165
225170
225175
225180
225185
225192
225197
225202
225209
225216
225221
225226
225229
225236
225241
225248
225253
225258
225263
225268
225273
225279
225288
225293
225300
225307
225309
225316
225323
225328
225335
225339
225341
225348
225353
225360
225365
225370
225375
225380
225385
225393
225398
225403
225408
225413
225419
225422
225427
225432
225437
225442
225449
225454
225457
225464
225469
225474
225479
225487
225491
225502
225508
225511
225516
225521
225527
225531
225536
225541
225546
225551
225585
225615
225623
225660
225704
225728
225748
225768
225783
225793
225833
225840
225860
225863
225872
225877
225915
225922
225935
225940
225967
225999
226002
226007
226014
226022
226027
226054
226057
226062
226089
226101
226116
226131
226151
226171
226192
226197
226202
226207
226226
226256
226261
226298
226309
226318
226343
226363
226378
226383
226392
226402
226428
226433
226454
226461
226465
226558
226578
226582
226596
226599
226627
226654
226670
226676
226681
226698
226713
226738
226753
226778
226788
226793
226818
226823
226830
226833
226840
226901
226925
226961
226968
226981
227005
227012
227060
227069
227087
227092
227105
227112
227138
227171
227176
227190
227195
227210
227213
227227
227232
227249
227254
227259
227264
227269
227274
227284
227304
227315
227341
